cod_provin,provincia,cod_canton,canton,16/04/2020,18/04/2020,19/04/2020,20/04/2020,21/04/2020,22/04/2020,23/04/2020,24/04/2020,25/04/2020,26/04/2020,27/04/2020,28/04/2020,29/04/2020,30/04/2020,01/05/2020,02/05/2020,03/05/2020,04/05/2020,05/05/2020,06/05/2020,07/05/2020,08/05/2020,09/05/2020,10/05/2020,11/05/2020,12/05/2020,13/05/2020,14/05/2020,15/05/2020,16/05/2020,17/05/2020,18/05/2020,19/05/2020,20/05/2020,21/05/2020,22/05/2020,23/05/2020,24/05/2020,25/05/2020,26/05/2020,27/05/2020,28/05/2020,29/05/2020,30/05/2020,31/05/2020,01/06/2020,02/06/2020,03/06/2020,04/06/2020,05/06/2020,06/06/2020,07/06/2020,08/06/2020,09/06/2020,10/06/2020,11/06/2020,12/06/2020,13/06/2020,14/06/2020,15/06/2020,16/06/2020,17/06/2020,18/06/2020,19/06/2020,20/06/2020,21/06/2020,22/06/2020,23/06/2020,24/06/2020,25/06/2020,26/06/2020,27/06/2020,28/06/2020,29/06/2020,30/06/2020,01/07/2020,02/07/2020,03/07/2020,04/07/2020,05/07/2020,06/07/2020,07/07/2020,08/07/2020,09/07/2020,10/07/2020,11/07/2020,12/07/2020,13/07/2020,14/07/2020,15/07/2020,16/07/2020,17/07/2020,18/07/2020,19/07/2020,20/07/2020,21/07/2020,22/07/2020,23/07/2020,24/07/2020,25/07/2020,26/07/2020,27/07/2020,28/07/2020,29/07/2020,30/07/2020,31/07/2020,01/08/2020,02/08/2020,03/08/2020,04/08/2020,05/08/2020,06/08/2020,07/08/2020,08/08/2020,09/08/2020,10/08/2020,11/08/2020,12/08/2020,13/08/2020,14/08/2020,15/08/2020,16/08/2020,17/08/2020,18/08/2020,19/08/2020,20/08/2020,21/08/2020,22/08/2020,23/08/2020,24/08/2020,25/08/2020,26/08/2020,27/08/2020,28/08/2020,29/08/2020,30/08/2020,31/08/2020,01/09/2020,02/09/2020,03/09/2020,04/09/2020,05/09/2020,06/09/2020,07/09/2020
1,San José,112,Acosta,0,0,0,0,0,0,0,0,0,0,0,0,0,0,0,0,0,0,0,0,0,0,0,0,0,0,0,0,0,0,0,0,0,0,0,0,0,0,0,0,0,0,0,0,0,0,0,0,0,0,0,0,0,0,0,0,0,0,0,0,0,0,0,0,0,0,0,0,0,0,0,0,0,0,0,0,0,0,1,1,1,1,1,1,1,1,1,1,1,3,6,9,9,9,9,15,19,19,19,19,19,25,26,27,28,28,32,33,33,43,48,48,48,50,52,52,52,53,54,51,51,51,51,51,51,51,51,51,51,82,85,85,85,91,93,93,93,93,93,118,118,120,121,142
1,San José,110,Alajuelita,0,0,0,1,2,3,3,3,3,3,5,5,5,5,6,6,6,7,7,8,8,8,10,10,10,10,10,10,11,12,13,13,13,13,13,13,13,13,13,13,13,13,13,13,13,13,13,13,13,13,14,14,14,14,14,14,14,14,14,14,14,14,19,19,19,19,19,19,19,19,19,19,26,26,26,26,26,45,45,45,45,54,54,54,62,62,62,77,77,77,92,100,100,100,100,100,101,101,101,101,103,103,103,103,103,103,103,103,103,470,470,471,473,476,477,477,477,477,477,479,480,481,481,481,483,483,484,485,486,488,489,489,492,492,497,497,497,497,497,501,501,503,503,503
1,San José,106,Aserrí,0,0,0,0,0,1,1,1,1,2,2,2,2,2,2,2,3,3,3,4,5,5,5,5,5,5,5,6,7,7,9,9,9,9,9,9,10,10,11,11,11,11,11,11,11,11,11,11,11,11,11,11,11,11,11,11,11,11,11,11,11,26,26,26,26,26,26,26,26,26,26,26,26,26,26,26,26,26,28,28,29,29,29,34,34,34,34,34,39,47,54,54,61,61,61,63,73,79,79,79,85,86,86,93,93,94,94,94,94,124,139,139,145,167,168,168,169,170,171,172,182,182,182,205,205,205,205,205,205,210,212,212,212,212,398,398,399,400,401,403,403,403,403,403
1,San José,118,Curridabat,1,1,2,2,3,3,5,5,6,7,9,10,10,11,11,11,11,11,11,13,13,15,16,17,17,17,17,17,17,17,17,18,18,18,18,18,18,19,19,19,19,20,22,22,22,22,22,22,22,22,22,22,23,23,23,23,23,23,23,23,23,24,25,26,26,26,26,26,26,26,26,26,27,27,27,29,30,30,32,32,32,32,34,34,34,35,35,44,44,56,62,62,61,61,61,61,61,61,61,62,63,63,64,64,64,64,64,64,65,68,69,71,71,74,75,75,75,76,77,78,150,150,214,215,215,215,217,217,218,359,368,368,437,440,462,464,465,465,465,619,622,625,630,634
1,San José,103,Desamparados,0,0,0,0,0,3,3,5,6,10,12,16,17,17,17,18,18,18,18,18,19,20,20,23,24,24,24,25,25,26,28,28,28,28,29,29,29,31,31,31,31,31,31,31,33,34,38,38,38,39,39,39,41,41,41,41,41,41,42,42,42,45,45,47,47,47,47,47,52,52,52,53,53,53,58,60,60,60,68,71,70,72,75,93,93,111,114,118,134,139,147,154,169,179,195,217,227,249,257,268,285,296,316,332,356,381,401,418,429,645,673,700,719,730,731,733,733,735,737,740,753,753,754,759,760,763,763,767,767,820,823,822,909,950,1071,1072,1073,1073,1073,1132,1132,1132,1134,1145
1,San José,117,Dota,0,0,0,0,0,0,0,0,0,0,0,0,0,0,0,0,0,0,0,0,0,0,0,0,0,0,0,0,0,0,0,0,0,0,0,0,0,0,0,0,0,0,0,0,0,0,0,0,0,0,0,0,0,0,0,0,0,0,0,0,0,0,0,0,0,0,0,0,0,0,0,0,0,0,0,0,0,0,0,0,0,0,0,0,0,0,0,0,0,0,0,0,0,0,0,0,0,0,0,0,0,0,0,0,0,0,0,0,0,0,0,0,0,0,0,0,0,0,0,0,0,0,0,0,0,0,0,0,0,0,0,0,0,4,4,4,4,4,4,4,4,4,5,5
1,San José,102,Escazú,6,6,6,7,11,11,11,11,11,13,13,14,15,16,17,17,17,17,17,17,17,17,17,18,19,21,21,21,21,22,23,26,26,27,28,28,28,29,29,29,29,29,29,29,29,29,29,29,29,29,30,30,30,30,30,30,30,30,30,30,30,30,30,30,30,30,30,32,32,32,32,32,32,32,32,42,42,42,42,42,42,42,49,51,51,51,51,51,51,51,67,67,67,67,67,67,68,68,68,72,72,72,72,72,72,73,73,74,74,76,76,76,76,76,76,76,76,76,76,77,78,78,78,78,79,79,79,80,81,353,360,360,367,367,370,371,372,373,374,467,474,500,555,555
1,San José,108,Goicoechea,0,0,0,0,3,4,4,4,4,5,6,6,6,7,8,10,10,10,10,10,11,13,15,15,16,16,16,16,16,16,16,16,16,16,16,16,17,17,19,20,20,20,21,23,23,24,24,24,24,24,24,24,25,26,26,26,27,28,28,28,28,34,34,34,39,39,39,39,45,45,47,49,49,49,49,50,51,51,54,54,54,54,55,55,59,62,62,62,72,73,74,75,75,91,95,100,100,111,116,125,127,127,129,132,134,136,137,137,137,290,293,301,303,348,351,351,352,353,357,394,395,395,397,398,398,400,403,403,404,427,435,436,518,522,604,607,609,614,616,636,636,636,637,764
1,San José,120,León Cortés Castro,0,0,0,0,0,0,0,0,0,0,0,0,0,0,0,0,0,0,0,0,0,0,0,0,0,0,0,0,0,0,0,0,0,0,0,0,0,0,0,0,0,0,0,0,0,0,0,0,0,0,0,0,0,0,0,0,0,0,0,0,0,0,0,0,0,0,0,0,0,0,0,0,0,0,0,0,0,0,0,0,0,0,0,0,0,0,0,0,0,0,0,0,0,0,0,0,0,0,0,0,0,0,0,0,0,0,0,0,0,0,0,0,0,0,0,0,0,0,0,0,0,0,0,0,0,0,0,0,0,3,4,7,7,7,7,7,7,8,8,8,8,8,10,10
1,San José,115,Montes de Oca,0,0,0,1,2,2,3,4,4,4,5,6,7,9,9,11,11,11,12,14,16,16,16,16,16,16,16,16,16,16,16,16,16,16,16,16,16,16,16,16,16,16,16,16,16,16,16,16,16,16,16,16,16,16,16,16,16,16,16,16,16,18,18,18,18,18,18,18,18,18,18,18,18,18,18,18,18,18,18,18,18,18,18,18,18,23,23,26,27,33,33,33,33,35,37,37,37,38,38,38,58,61,67,68,68,68,68,68,69,76,77,77,80,99,129,129,129,130,131,131,133,134,135,135,135,135,135,135,135,183,191,192,197,197,205,206,209,212,214,218,218,219,220,224
1,San José,107,Mora,0,0,0,0,0,0,0,0,0,0,0,2,2,2,2,2,2,2,2,2,2,2,3,4,4,4,4,4,4,5,5,5,5,5,5,5,5,5,5,5,5,5,5,5,5,5,5,5,5,5,5,5,5,5,5,5,5,5,6,6,7,7,7,7,7,7,7,7,7,7,7,12,12,13,13,13,13,13,13,13,13,13,13,13,13,13,13,13,16,16,18,19,20,21,26,29,31,37,37,46,46,50,54,56,57,60,60,61,64,67,70,70,71,75,78,80,81,83,83,83,86,88,88,88,94,104,108,109,109,109,109,109,109,109,110,110,110,110,110,155,155,156,161,171
1,San José,114,Moravia,1,1,1,2,6,8,8,9,9,9,9,9,10,10,10,10,10,10,10,10,10,11,11,11,11,11,11,11,11,11,11,12,12,12,12,12,12,12,12,12,12,12,12,12,13,13,13,13,13,13,13,13,14,14,14,14,14,14,14,14,14,16,16,16,16,16,16,16,16,17,17,17,17,17,17,17,18,18,18,18,18,18,18,19,19,23,23,23,27,28,35,36,40,40,40,49,54,56,58,63,67,67,77,80,91,92,100,100,105,118,128,130,135,143,151,154,161,165,165,166,181,181,200,200,203,212,213,220,220,244,250,258,269,271,274,275,276,282,287,296,301,308,311,311
1,San José,119,Pérez Zeledón,3,3,3,3,3,3,3,3,3,3,3,3,3,3,3,3,3,3,3,3,3,3,3,3,3,3,3,3,3,3,3,3,3,3,3,3,3,3,3,3,3,3,3,3,3,3,3,3,3,3,3,3,3,3,3,3,3,3,3,5,5,5,6,6,6,6,6,6,6,6,6,6,6,6,6,6,6,6,6,6,6,6,6,6,6,6,6,8,8,8,8,8,8,8,8,8,8,8,9,12,12,12,12,12,12,12,13,13,13,14,14,14,14,15,15,16,16,17,17,18,18,18,18,18,20,21,22,22,22,23,23,23,24,24,24,24,24,24,25,28,28,28,28,28
1,San José,104,Puriscal,0,0,0,0,0,0,0,0,0,1,1,1,1,1,1,1,1,1,1,1,1,1,1,1,1,1,1,1,1,1,1,1,1,1,1,1,1,1,1,1,1,1,1,1,1,1,1,1,1,1,1,1,1,1,1,1,2,2,2,2,2,2,2,2,2,2,2,2,2,2,2,2,2,2,2,2,2,2,2,2,2,2,2,2,2,2,2,2,2,2,2,2,2,2,2,7,7,7,7,7,7,15,15,15,15,15,15,16,16,16,16,31,33,33,33,35,39,39,39,39,39,39,39,39,40,42,43,43,43,73,73,73,127,127,129,129,129,129,129,150,150,150,150,159
1,San José,101,San José,5,5,7,7,5,8,9,11,20,22,26,28,28,29,35,40,41,43,44,49,50,50,53,57,61,61,63,64,65,65,67,67,67,68,69,71,74,76,78,78,81,85,86,87,89,89,91,92,93,94,94,95,95,96,96,96,96,100,101,114,122,121,121,125,131,131,132,146,148,149,153,154,154,154,155,160,161,161,163,165,170,176,181,191,200,216,220,230,249,261,269,300,303,305,323,332,338,339,344,348,384,385,389,400,411,432,435,444,451,1121,1149,1160,1279,1361,1396,1403,1413,1417,1444,1538,1541,1543,1547,1550,1552,1561,1565,1567,1569,2750,2836,2847,3447,3457,3865,4020,4038,4051,4110,4649,4667,4675,4704,5078
1,San José,109,Santa Ana,2,2,3,9,16,17,18,18,20,20,21,21,21,21,23,23,26,26,31,31,31,31,33,33,34,34,34,34,34,35,36,37,37,37,37,37,37,37,37,37,37,37,37,38,38,38,38,38,38,38,38,38,39,39,39,39,40,41,41,41,41,42,42,42,42,42,42,41,41,41,41,42,42,42,42,42,42,42,42,42,42,42,42,42,43,50,50,50,50,50,50,51,51,51,51,53,53,54,54,67,67,67,67,67,67,70,70,70,70,86,86,133,134,135,135,135,148,157,180,195,198,199,199,200,201,201,201,201,201,289,293,294,294,295,296,314,316,316,316,319,321,321,322,323
1,San José,105,Tarrazú,0,0,0,0,0,0,0,1,1,1,1,1,1,1,1,1,1,1,1,1,1,1,1,1,1,1,1,1,1,1,2,2,2,2,2,2,3,3,3,3,3,3,3,3,3,3,3,3,3,3,3,3,3,3,3,3,3,3,3,3,3,3,3,3,4,4,4,4,4,4,4,4,4,4,4,4,4,4,4,4,4,4,4,4,4,4,4,4,4,4,4,4,4,4,4,4,4,4,4,4,4,4,4,4,4,4,4,4,4,4,4,4,4,4,4,4,4,4,4,4,4,4,4,4,4,4,4,4,4,5,8,8,8,8,8,8,8,8,9,11,11,11,11,11
1,San José,113,Tibás,1,1,1,1,3,3,4,6,8,8,8,8,8,9,10,11,11,11,11,11,12,12,12,12,12,12,12,14,14,14,15,15,15,15,15,15,15,18,19,19,19,19,19,19,20,20,20,20,20,22,22,22,22,22,22,22,22,22,22,22,22,18,18,18,18,18,18,18,18,18,21,22,22,22,23,23,23,23,23,23,23,23,32,32,32,35,35,35,37,46,46,52,52,52,52,52,53,53,53,55,56,56,56,56,57,57,57,57,57,152,152,153,153,153,153,153,154,154,154,155,155,155,155,155,155,155,155,155,155,270,284,286,368,376,417,419,419,425,432,438,441,441,442,463
1,San José,116,Turrubares,0,0,0,0,0,0,0,0,0,0,0,0,0,0,0,0,0,0,0,1,1,1,1,1,1,1,1,1,2,2,2,2,2,2,2,2,2,2,2,2,2,2,2,2,2,2,2,2,2,2,2,2,2,2,2,2,2,2,2,2,2,2,2,2,2,2,2,2,2,2,2,2,2,2,2,2,2,2,2,2,2,2,2,2,2,2,2,2,2,2,2,2,2,2,2,8,8,8,8,8,8,8,8,8,8,8,8,8,8,8,8,10,10,10,10,10,10,10,10,11,11,11,11,11,11,11,11,11,11,13,13,13,15,15,19,19,19,19,20,20,20,20,20,20
1,San José,111,Vázquez de Coronado,1,1,1,2,3,3,3,3,3,3,3,3,3,4,4,4,4,5,5,5,5,5,5,5,5,5,5,5,5,5,5,5,6,7,7,7,7,7,7,9,9,9,9,9,9,9,9,9,9,9,9,9,9,9,9,9,9,10,13,13,13,13,13,13,14,14,14,14,15,15,15,15,15,17,17,17,17,17,18,18,21,21,22,22,22,28,28,28,29,29,29,29,34,34,34,40,40,40,41,41,41,41,43,43,44,44,44,44,45,152,152,152,152,156,156,156,167,180,188,195,198,198,199,201,201,208,212,213,213,278,279,280,306,306,324,332,332,332,333,364,365,366,367,386
2,Alajuela,201,Alajuela,17,27,33,34,36,42,42,42,45,48,50,51,50,51,52,54,54,55,55,56,57,58,62,63,65,65,67,67,68,70,70,70,70,70,72,72,72,73,73,74,74,74,74,75,77,77,77,78,78,78,78,78,78,79,79,79,81,81,81,81,81,81,81,81,81,81,81,81,82,82,84,85,85,85,85,87,87,88,89,91,91,94,96,97,97,101,105,108,109,116,122,122,122,123,123,127,131,137,139,144,144,149,149,149,160,164,166,168,169,179,189,194,199,205,205,211,214,218,225,231,235,243,250,260,272,287,296,315,328,333,342,360,365,373,383,397,397,407,452,475,483,498,513,517
2,Alajuela,205,Atenas,0,0,0,0,0,0,0,0,0,0,0,0,0,0,0,0,0,0,1,1,1,2,2,2,2,3,3,3,3,3,3,3,3,3,3,3,3,3,3,3,3,3,3,3,3,3,3,3,3,3,3,3,3,3,4,4,4,4,4,4,6,6,6,6,6,6,6,6,6,6,6,6,6,6,6,6,6,6,6,6,6,6,6,6,6,6,6,6,6,10,10,10,10,10,10,10,10,10,10,10,10,10,10,21,21,22,24,24,24,32,32,33,36,36,36,36,39,39,39,39,39,39,39,39,52,62,66,66,66,66,66,66,79,79,79,79,80,81,81,81,81,82,82,82
2,Alajuela,203,Grecia,1,1,2,2,2,2,2,2,2,3,4,4,5,5,5,6,7,10,11,11,11,12,13,15,15,15,15,15,15,15,15,15,15,15,15,15,15,15,15,15,15,15,15,15,15,15,15,15,15,15,15,15,15,15,15,15,15,15,15,15,15,15,15,15,15,15,15,15,15,15,15,15,15,15,15,15,15,15,15,15,15,15,15,15,15,15,15,15,19,19,19,19,19,19,19,19,18,19,19,19,19,19,19,19,21,22,22,22,22,23,23,22,22,22,22,22,22,22,22,22,22,22,22,22,22,22,23,90,120,121,122,130,131,131,131,133,133,133,133,133,133,133,133,133
2,Alajuela,215,Guatuso,0,0,0,0,0,0,0,0,0,0,0,0,0,0,0,0,0,0,0,0,0,0,0,0,0,0,0,0,0,0,0,0,0,0,0,0,0,0,0,0,0,0,0,0,0,0,0,0,0,0,0,0,0,0,0,0,0,0,0,0,0,0,0,1,1,1,1,1,1,1,1,3,3,3,3,3,3,3,3,3,9,9,22,27,30,30,30,30,30,34,34,59,59,59,59,72,75,82,82,86,86,86,87,87,87,87,87,87,87,89,89,89,89,91,91,91,91,91,91,91,94,94,94,94,94,94,96,96,96,109,109,109,109,109,110,110,110,114,114,117,117,117,117,117
2,Alajuela,214,Los Chiles,0,0,0,0,0,0,0,0,0,0,0,0,0,0,0,0,0,0,0,0,0,0,0,0,0,0,0,0,0,0,0,0,0,0,0,0,0,0,0,0,0,0,0,0,0,0,0,0,0,0,0,0,0,0,0,0,0,0,0,0,0,7,8,8,8,8,8,8,8,8,8,8,8,8,9,9,33,33,36,37,37,44,46,51,55,55,55,55,81,81,81,87,92,92,92,92,106,110,110,110,111,111,111,114,133,135,135,135,135,153,153,153,153,161,161,161,161,167,173,180,180,180,180,180,181,192,194,194,195,195,198,198,201,201,204,204,204,205,205,205,205,212,212,212
2,Alajuela,206,Naranjo,0,0,0,0,0,1,1,4,4,4,4,4,4,4,4,4,4,4,4,4,4,4,4,4,4,4,4,4,4,4,4,5,5,5,5,5,5,5,5,6,6,6,7,7,7,7,7,7,7,7,7,7,7,9,9,9,9,9,9,9,9,11,11,12,12,12,12,12,13,13,13,13,13,13,13,13,13,13,13,13,13,13,13,13,13,13,13,13,13,13,13,23,23,23,23,23,23,23,23,24,24,26,26,26,27,36,36,40,43,62,62,62,65,66,66,66,66,66,82,87,90,90,90,91,91,95,109,110,118,119,119,119,119,120,174,174,174,174,174,174,174,175,175,175
2,Alajuela,209,Orotina,0,1,1,1,1,1,4,4,4,4,4,6,6,6,6,6,6,6,6,6,6,6,6,6,6,6,6,6,6,6,6,6,6,6,6,7,7,7,7,7,8,8,8,8,8,8,8,8,8,8,8,8,8,8,8,8,8,8,8,8,8,8,9,9,9,9,9,9,9,9,9,9,9,9,9,9,9,9,9,9,9,9,9,9,9,9,9,9,9,9,9,9,11,11,11,12,12,12,12,12,12,12,12,12,13,14,14,14,14,14,15,15,15,15,15,15,15,15,15,17,19,19,19,19,19,23,23,24,24,24,24,27,28,28,28,28,28,28,32,32,32,33,33,33
2,Alajuela,207,Palmares,0,0,0,0,0,1,2,6,7,8,8,7,7,7,7,8,8,9,9,9,9,9,9,9,9,9,9,9,10,10,10,10,10,10,10,10,10,11,11,11,11,11,11,11,11,11,11,11,11,11,11,11,11,11,11,11,11,11,11,11,11,12,12,12,12,12,12,12,12,12,12,12,12,12,12,12,12,12,12,12,12,13,13,13,13,13,13,13,13,22,22,31,31,31,31,31,35,37,37,39,39,46,46,46,48,48,51,51,52,52,58,58,58,58,58,58,58,60,60,60,60,60,77,77,82,83,83,83,98,98,98,98,98,98,98,98,98,111,111,110,110,110,137,137
2,Alajuela,208,Poás,2,2,2,2,2,2,2,2,2,3,3,3,4,4,4,4,4,4,4,4,4,4,4,6,6,6,6,6,6,6,6,6,6,6,6,6,6,6,6,6,6,6,6,6,6,6,6,6,6,6,6,6,6,6,6,6,6,6,6,6,6,6,6,6,6,6,6,6,6,6,6,6,6,6,12,12,12,12,12,12,12,12,12,13,13,13,13,13,14,14,14,14,14,14,14,14,14,16,16,18,18,18,18,27,27,29,32,32,32,43,49,49,53,53,53,56,60,61,66,67,73,73,73,73,74,76,80,80,82,82,91,95,95,96,101,102,103,112,125,137,140,140,140,152
2,Alajuela,216,Río Cuarto,0,0,0,0,0,0,0,0,0,0,0,0,0,0,0,0,0,0,0,0,0,0,0,0,0,0,0,0,0,0,0,0,0,0,0,0,0,0,0,0,0,0,0,0,0,0,0,0,0,0,0,0,0,0,0,0,0,0,0,0,0,0,0,0,0,0,0,0,0,0,0,0,0,0,0,0,0,0,0,0,0,0,0,0,0,0,0,0,0,0,0,0,0,0,0,0,0,0,0,0,0,0,0,0,0,0,0,0,0,1,1,1,1,1,1,1,1,1,1,1,1,1,1,1,1,1,2,2,2,2,2,2,2,2,2,2,2,2,2,19,28,28,28,28
2,Alajuela,210,San Carlos,0,2,5,5,5,7,7,7,8,9,9,11,12,13,13,13,17,17,19,20,23,25,26,26,27,27,28,28,29,29,29,29,29,29,29,29,29,29,29,29,29,30,30,30,30,30,30,30,30,31,31,31,31,31,31,31,31,31,31,31,31,30,45,45,46,57,57,82,109,115,134,138,148,149,149,168,170,170,186,186,186,186,206,209,232,232,233,233,237,240,245,252,254,254,254,270,274,274,274,296,296,296,295,295,297,297,297,297,307,342,360,364,387,391,392,398,399,406,423,425,436,436,443,457,481,485,497,497,497,517,521,534,534,535,541,541,541,541,542,566,581,581,581,581
2,Alajuela,204,San Mateo,0,0,0,0,0,0,0,0,0,0,0,0,0,0,0,0,0,0,0,0,0,0,0,0,0,0,0,0,0,0,0,0,0,0,0,0,0,0,0,0,0,0,0,0,0,0,0,0,0,0,0,0,0,0,0,0,0,0,0,1,1,1,1,1,1,1,1,1,1,1,1,1,1,1,1,1,1,1,1,1,1,1,1,1,1,1,1,1,1,1,1,1,2,2,2,2,2,4,4,4,4,4,4,4,4,4,4,4,4,4,4,4,4,4,4,4,4,4,4,5,6,6,6,6,6,6,6,6,6,6,6,6,6,6,7,7,7,7,7,7,7,7,7,7
2,Alajuela,202,San Ramón,0,0,0,0,1,1,1,1,1,1,2,2,2,2,2,2,3,3,3,3,3,3,4,4,4,4,5,6,6,6,6,6,6,6,6,6,6,7,7,7,7,7,7,7,8,8,8,8,8,9,9,9,10,10,11,11,11,12,12,12,12,13,13,13,13,13,13,47,48,48,48,47,53,57,57,79,113,114,114,114,114,114,114,114,117,120,121,121,121,124,124,124,140,140,140,140,140,155,157,168,168,169,169,169,174,174,188,195,195,196,196,199,203,203,203,203,203,203,208,222,222,222,246,246,246,246,246,246,286,294,295,295,295,295,295,296,297,315,315,345,345,345,345,345
2,Alajuela,212,Sarchí,1,1,1,1,1,1,1,1,1,3,2,2,2,2,3,3,3,3,3,3,3,3,3,3,3,3,3,4,4,4,4,5,5,5,5,5,5,5,5,5,5,5,5,5,5,5,5,5,5,5,5,6,6,6,7,7,7,7,7,7,7,8,8,8,8,8,8,8,8,8,8,8,8,8,8,8,8,8,8,47,8,8,8,8,8,8,8,8,8,8,8,8,8,8,8,8,8,9,9,9,9,9,9,9,9,12,12,14,15,16,16,20,20,20,20,20,20,20,20,20,20,20,20,20,20,20,20,20,23,23,23,25,25,25,25,25,25,25,25,26,26,26,45,45
2,Alajuela,213,Upala,0,0,0,0,0,0,0,0,0,0,0,0,0,0,0,0,0,0,0,0,0,0,0,0,0,0,0,0,0,0,0,0,0,0,0,0,0,0,0,0,0,0,0,0,0,0,0,0,0,0,1,1,1,1,1,1,1,1,1,1,1,1,4,4,4,4,12,14,26,27,28,33,35,35,35,40,40,40,40,8,47,48,52,61,67,76,76,76,83,87,87,88,90,90,90,91,96,96,98,98,98,105,106,113,114,114,114,114,114,115,115,115,115,115,115,115,115,115,115,115,115,115,116,116,116,122,123,124,124,124,124,124,124,125,125,126,126,126,126,127,127,127,129,129
2,Alajuela,211,Zarcero,0,0,0,0,0,0,0,0,0,0,0,0,0,0,0,0,0,0,0,0,0,0,0,0,0,0,0,0,0,0,0,0,0,0,0,0,0,0,0,0,0,0,0,0,0,0,0,0,0,0,0,0,0,0,0,0,0,0,0,0,1,1,1,1,1,1,1,1,1,1,1,2,2,2,2,2,4,4,5,5,6,6,6,6,6,6,6,6,6,6,6,6,7,9,9,9,9,9,9,10,10,10,10,10,10,10,10,11,11,11,11,11,11,11,13,13,13,13,14,14,23,23,23,23,23,23,23,23,23,24,24,25,25,25,25,28,28,28,28,28,28,28,28,28
3,Cartago,306,Alvarado,0,0,0,0,0,0,0,0,0,0,1,1,1,1,1,1,1,1,1,1,1,1,1,1,1,1,1,1,1,1,1,1,1,1,1,1,1,1,1,1,1,1,1,1,1,1,1,1,1,1,1,1,1,1,1,1,1,1,1,1,1,1,1,1,1,1,1,1,1,1,1,1,1,1,1,1,1,1,1,1,1,1,1,1,1,1,1,1,1,1,1,1,1,1,1,1,1,1,2,2,2,2,2,2,2,2,2,2,2,3,4,5,5,5,5,6,6,6,6,6,6,6,6,6,6,5,5,6,6,6,6,7,8,11,11,12,13,14,14,16,16,17,17,17
3,Cartago,301,Cartago,2,2,2,2,2,2,3,3,3,3,3,4,4,4,4,6,6,7,7,8,11,11,11,11,11,11,11,11,11,11,11,12,12,12,12,12,12,13,14,14,14,14,14,14,14,14,14,14,14,14,14,14,14,14,14,14,14,14,14,14,14,16,18,18,18,18,18,20,21,21,21,21,21,20,20,20,20,21,21,21,21,21,24,24,26,26,26,26,26,32,37,37,37,40,40,42,43,46,48,51,51,55,58,61,65,66,73,73,75,93,102,109,109,111,115,128,132,145,149,149,150,151,151,157,160,164,168,170,170,180,183,190,194,202,202,205,220,227,231,231,238,248,258,259
3,Cartago,308,El Guarco,1,1,1,1,2,2,2,2,3,3,3,3,3,3,3,3,4,4,5,5,5,5,5,5,5,5,5,5,5,5,5,5,5,5,5,5,5,5,5,5,5,5,5,5,5,5,5,5,5,5,5,5,5,5,5,5,5,5,5,5,5,5,6,6,6,6,6,6,6,6,6,6,6,6,7,7,7,7,7,7,7,7,7,7,8,9,9,9,9,9,9,9,9,9,9,9,9,9,9,9,9,9,9,9,9,9,9,9,12,12,12,12,12,12,12,13,13,13,13,13,13,13,13,13,14,14,14,14,14,18,18,20,20,20,20,20,21,22,22,22,22,22,23,23
3,Cartago,304,Jiménez,2,2,2,2,2,2,2,2,2,2,2,2,2,2,2,2,2,2,2,2,2,2,2,2,2,2,2,2,2,2,2,2,2,2,2,2,2,2,2,2,2,2,2,2,2,2,2,2,2,2,2,2,2,2,2,2,2,2,2,2,2,2,2,2,2,2,2,2,2,2,2,2,2,2,2,2,2,2,3,3,3,3,3,8,8,8,8,8,8,8,8,8,8,8,8,8,8,8,8,8,8,8,8,8,8,8,8,8,8,8,8,8,8,8,8,8,8,8,8,9,9,9,9,9,9,9,9,9,9,9,9,9,11,11,11,11,11,11,11,11,18,18,18,18
3,Cartago,303,La Unión,2,2,2,2,2,4,5,5,5,5,6,8,9,9,9,9,9,9,9,9,10,10,11,12,12,12,12,12,12,12,14,14,14,14,14,15,15,15,15,15,15,15,15,15,16,18,18,18,18,19,19,19,19,19,19,19,20,20,21,21,21,25,25,25,26,26,26,27,27,27,27,27,27,27,27,27,28,28,30,30,30,30,44,45,48,48,49,50,56,57,67,67,67,67,67,72,72,75,75,77,79,79,100,101,102,102,102,102,102,115,155,155,156,157,159,159,159,159,162,168,169,169,171,208,225,239,240,240,240,271,277,286,289,289,295,295,296,296,297,378,379,379,381,383
3,Cartago,307,Oreamuno,0,0,0,0,0,0,0,1,1,1,1,1,2,3,3,3,3,3,3,3,4,4,4,4,4,4,4,4,4,4,4,4,4,4,4,4,4,4,4,4,4,4,4,4,4,4,4,4,4,4,4,5,5,5,5,5,5,6,6,6,6,8,8,8,8,8,8,8,8,8,8,8,8,8,9,9,9,9,9,9,9,9,10,10,12,14,15,15,15,16,19,19,19,19,19,20,29,29,30,33,33,35,36,36,36,47,47,49,50,50,51,52,53,54,54,54,55,58,58,59,63,63,63,63,66,69,70,75,75,78,78,97,97,113,113,118,118,131,131,150,155,160,160,164
3,Cartago,302,Paraíso,0,0,0,0,0,0,0,0,0,0,0,0,0,0,0,0,0,0,0,0,0,0,0,1,1,1,1,1,1,1,1,1,1,1,1,1,1,1,1,1,1,1,1,1,1,1,1,1,1,1,1,1,1,1,1,1,1,1,1,1,1,1,3,3,3,3,3,3,3,3,3,3,4,4,5,5,5,6,6,6,6,6,6,6,6,6,6,6,7,7,7,7,7,7,7,9,9,9,9,11,11,11,11,15,15,15,19,19,22,25,32,34,34,36,36,36,36,39,42,42,44,44,45,45,48,48,48,48,54,55,55,56,56,61,68,68,71,71,72,73,86,89,91,93
3,Cartago,305,Turrialba,0,0,0,0,0,0,0,0,0,0,0,0,0,0,0,0,0,0,0,0,0,0,0,0,0,0,0,0,0,0,0,0,0,0,0,0,0,0,0,0,0,0,1,1,1,1,1,1,1,1,1,1,1,1,1,1,1,1,2,2,2,2,2,2,2,2,2,2,2,2,2,2,2,2,2,2,2,2,2,2,2,2,2,2,2,2,2,2,2,2,2,3,3,3,3,4,4,4,4,4,4,4,4,4,4,4,4,4,4,3,3,5,5,6,6,7,7,7,8,14,16,16,16,16,16,17,17,17,18,18,19,19,20,24,25,25,27,28,28,28,34,34,34,34
4,Heredia,402,Barva,1,1,1,1,1,1,1,1,1,1,2,2,2,3,4,4,4,4,4,4,4,5,5,7,8,8,8,8,8,8,8,8,8,8,8,8,8,8,8,8,8,8,8,8,8,8,8,8,8,8,8,8,8,8,8,8,8,8,8,8,11,9,9,9,9,9,9,9,12,12,12,12,12,12,12,12,12,12,14,14,14,14,14,15,15,19,19,19,19,19,19,19,19,19,19,27,27,27,27,27,27,27,27,27,41,43,44,44,44,52,58,61,62,65,66,67,80,80,83,89,89,91,99,114,120,126,131,136,136,136,143,148,149,149,151,152,152,164,170,176,183,200,201,201
4,Heredia,407,Belén,1,1,1,1,1,1,1,1,2,2,2,2,2,4,4,4,4,4,4,4,4,4,4,4,4,4,4,4,4,4,4,4,4,4,4,4,4,4,4,4,4,4,4,4,4,4,4,4,4,4,4,4,4,4,4,4,4,4,4,4,4,4,4,5,5,5,5,5,5,5,5,5,12,12,12,12,12,12,12,12,12,12,12,24,24,24,24,24,25,26,26,27,27,27,27,27,37,37,37,37,37,37,37,40,40,40,43,43,43,44,45,45,45,45,46,46,50,50,54,54,54,54,54,54,54,63,71,71,71,72,72,81,81,81,82,82,83,83,83,83,83,83,83,83
4,Heredia,408,Flores,0,0,0,0,0,0,0,1,1,1,1,1,1,1,1,1,1,1,1,1,1,1,1,1,1,1,1,1,1,1,1,1,1,1,1,1,1,1,1,1,1,1,1,1,1,1,1,1,1,1,1,1,1,1,1,1,1,1,1,1,1,1,1,1,1,1,1,1,1,1,1,1,2,2,2,2,2,2,2,2,2,2,2,4,4,5,5,5,5,4,4,6,6,6,6,6,8,8,8,9,10,10,10,11,11,11,13,13,13,14,14,14,14,14,14,14,24,25,28,28,28,28,30,30,30,36,39,40,40,40,40,49,49,49,50,50,50,50,50,51,51,51,52,52
4,Heredia,401,Heredia,4,4,4,4,4,4,6,6,6,7,8,8,9,10,10,10,10,10,10,10,10,12,12,13,14,14,14,14,14,16,16,16,16,16,16,16,16,16,16,16,16,16,16,16,16,16,16,16,16,16,16,16,17,17,17,17,17,17,17,17,17,16,16,25,26,26,26,26,32,35,37,46,46,46,57,57,58,59,59,60,60,60,60,60,60,62,62,62,62,62,62,63,63,64,64,64,64,64,64,65,66,66,66,66,78,79,81,81,81,85,86,87,87,91,92,93,95,95,96,97,97,97,97,99,109,145,202,238,261,281,322,348,362,374,376,382,397,403,404,409,411,413,439,441
4,Heredia,406,San Isidro,1,1,1,1,1,1,1,1,1,1,1,1,1,1,1,1,1,1,1,1,1,1,1,1,1,1,1,1,1,1,1,1,1,1,1,1,1,1,1,1,1,1,1,1,1,1,1,1,1,1,1,1,1,1,1,1,1,1,1,1,1,1,1,1,1,1,1,1,1,1,1,1,1,1,1,1,1,1,1,1,1,1,1,1,1,2,2,2,2,2,2,8,9,9,9,9,9,9,9,9,9,19,19,19,19,21,23,23,30,30,30,30,30,31,31,32,32,33,36,36,36,36,36,38,38,51,51,51,51,51,57,74,74,84,85,85,85,86,86,88,88,89,89,89
4,Heredia,409,San Pablo,3,4,5,5,5,6,6,7,8,8,8,8,8,8,9,9,9,9,9,9,9,9,9,10,11,11,11,11,11,11,11,11,11,11,11,11,12,12,12,12,12,12,12,12,12,12,12,12,12,12,12,12,12,12,12,12,12,12,12,12,12,14,14,14,14,14,15,15,15,15,16,16,16,16,16,17,17,17,17,17,17,17,17,20,20,20,20,20,20,20,20,20,23,23,23,23,23,23,23,23,23,27,27,28,28,30,32,32,39,39,39,39,39,39,39,44,44,59,61,61,61,70,70,71,71,96,96,96,96,97,100,110,110,114,115,115,115,115,115,115,115,115,116,116
4,Heredia,405,San Rafael,2,5,5,5,5,5,5,5,6,6,7,7,7,7,7,7,7,7,7,7,7,7,7,7,7,7,7,7,7,7,7,7,7,7,7,8,8,8,8,8,8,8,8,8,8,8,8,8,8,8,9,9,9,9,9,9,9,9,9,9,11,9,9,9,9,9,9,9,9,10,16,16,16,16,16,17,17,17,17,17,17,17,17,17,17,17,18,18,18,18,18,18,18,18,18,22,22,22,22,22,22,22,23,23,43,56,64,64,64,77,83,86,93,106,107,107,118,119,121,135,136,142,145,150,153,165,176,185,186,186,195,205,206,206,219,219,219,233,245,258,261,275,275,275
4,Heredia,404,Santa Barbara,2,3,3,3,3,3,3,3,3,3,3,3,3,3,3,3,3,3,3,3,3,3,3,3,3,3,3,3,3,3,3,3,3,3,3,3,3,3,3,3,3,3,3,3,3,3,3,3,3,3,3,3,3,3,3,3,3,3,3,3,3,3,3,3,3,3,3,3,3,3,6,6,6,6,6,6,6,6,6,6,6,9,13,13,13,13,13,13,13,16,18,19,19,19,19,19,20,20,20,21,21,21,21,21,33,33,33,33,33,33,34,52,52,52,52,53,53,53,53,53,53,53,53,53,53,80,81,81,81,81,82,82,94,97,98,98,98,98,100,100,100,100,100,100
4,Heredia,403,Santo Domingo,0,0,0,0,0,0,1,1,1,1,1,2,2,2,2,2,3,4,4,4,4,4,4,4,4,4,4,5,5,5,6,6,6,6,6,7,7,7,7,7,7,7,7,7,7,7,7,7,7,7,7,7,7,7,7,7,7,7,7,7,7,6,6,6,6,6,7,7,7,7,7,12,12,12,12,12,12,12,12,12,12,12,12,12,12,14,14,14,14,14,14,14,14,14,14,16,33,34,34,34,34,34,35,35,35,35,49,49,49,50,51,52,53,76,76,77,83,84,86,89,89,90,90,90,90,95,95,97,97,98,98,101,102,113,128,128,128,142,157,175,177,177,177,180
4,Heredia,410,Sarapiquí,0,0,0,0,0,0,0,0,0,0,0,0,0,0,0,0,0,0,0,0,0,0,0,0,0,0,0,0,0,0,0,0,0,0,0,0,0,0,0,0,0,0,0,0,0,0,0,0,0,0,0,0,0,0,0,0,0,0,0,0,0,0,0,0,2,2,2,2,2,2,2,4,4,4,4,4,4,4,4,4,4,5,5,5,5,5,5,5,5,6,6,7,7,7,7,7,7,7,7,7,7,7,7,7,13,14,14,15,15,15,19,19,19,20,20,20,20,20,20,20,21,21,21,21,21,21,27,32,33,33,33,33,40,40,40,40,40,40,47,49,49,49,49,49
5,Guanacaste,507,Abangares,0,0,0,0,0,0,0,0,0,0,0,0,0,0,0,0,0,0,0,0,0,0,0,0,1,1,1,1,1,1,1,1,1,1,2,1,1,1,1,1,1,1,1,1,1,1,1,1,1,1,1,1,1,1,1,1,3,5,5,5,5,20,20,20,20,20,20,20,20,20,20,20,20,20,20,20,21,21,21,21,21,21,21,21,21,21,21,21,21,21,23,23,23,23,23,26,26,26,26,26,26,26,26,26,26,26,26,26,26,26,26,26,26,27,27,29,29,29,29,31,31,32,33,33,33,33,33,33,33,33,34,34,34,34,34,34,34,34,34,35,35,35,35,35
5,Guanacaste,504,Bagaces,0,0,0,0,0,0,0,0,0,0,0,0,0,0,0,0,0,0,0,0,0,0,0,0,0,0,0,0,0,0,0,0,0,0,1,1,1,1,2,3,3,3,3,3,3,3,3,3,3,3,3,3,3,3,3,3,3,3,3,3,3,6,6,10,10,10,10,12,12,12,13,13,13,13,13,16,17,17,17,17,17,17,18,18,21,21,21,21,22,22,22,22,22,22,22,29,29,30,30,31,31,31,31,31,31,33,33,33,33,36,36,37,37,37,37,37,37,38,38,39,41,41,41,41,42,42,42,42,42,42,45,45,45,45,45,46,46,46,47,47,50,51,51,51
5,Guanacaste,506,Cañas,0,0,0,0,0,0,0,0,0,0,0,0,0,0,0,0,0,0,0,0,0,0,0,0,0,0,0,0,0,0,0,0,0,0,1,1,1,1,1,1,1,1,1,1,1,1,1,1,1,1,2,2,2,2,2,2,2,2,2,2,2,20,20,20,20,20,20,22,22,22,23,23,23,23,23,24,24,24,24,24,24,24,24,24,24,24,25,25,30,30,30,30,31,31,31,38,50,54,60,60,60,60,60,72,79,79,79,79,79,79,79,79,79,90,90,90,92,94,94,97,98,98,98,98,99,99,100,101,101,103,107,107,107,107,107,107,107,109,110,110,112,112,114,114
5,Guanacaste,505,Carrillo,0,0,0,0,0,0,0,0,2,2,2,2,2,2,2,2,2,2,2,2,2,2,2,2,2,2,2,2,2,2,2,2,2,2,2,2,2,2,2,2,2,2,2,2,2,2,2,2,2,2,2,2,2,2,2,2,2,2,2,2,2,2,3,3,3,3,3,3,4,4,4,4,4,4,4,5,5,5,5,5,5,5,5,5,5,5,5,5,5,8,9,9,10,10,10,10,10,12,12,12,12,12,12,14,14,14,19,20,20,21,22,22,22,25,25,26,27,28,28,28,28,28,28,28,30,30,30,30,30,30,31,32,32,32,32,32,32,32,35,35,35,36,36,36
5,Guanacaste,511,Hojancha,0,0,0,0,0,1,1,1,1,1,1,1,1,1,1,1,1,1,1,1,1,1,1,1,1,1,1,1,1,1,1,1,1,1,1,1,1,1,1,1,1,1,1,1,1,1,1,1,1,1,1,1,1,1,1,1,1,1,1,1,1,1,1,1,1,1,1,1,1,1,1,5,5,9,10,11,12,12,12,12,12,12,13,13,13,13,13,13,14,14,14,17,17,17,17,17,17,17,19,19,19,19,19,20,20,20,20,20,20,20,20,20,20,20,20,20,20,20,20,20,22,22,22,22,25,25,25,25,25,26,26,26,27,27,27,27,27,27,27,27,28,28,28,28
5,Guanacaste,510,La Cruz,0,0,0,0,0,0,0,0,0,0,0,0,0,0,0,0,0,0,0,0,0,0,0,0,0,0,0,0,0,0,0,0,0,0,0,0,0,0,0,0,0,0,0,0,0,1,1,1,1,1,1,1,1,1,1,1,1,1,1,3,3,3,3,6,7,7,7,7,7,7,7,7,7,14,14,14,14,14,16,17,17,20,20,20,20,22,22,23,23,23,24,28,33,45,45,46,46,46,46,46,46,46,47,47,51,51,53,53,53,58,58,58,61,61,66,66,67,79,79,79,80,80,80,81,83,83,84,84,84,85,86,88,93,94,95,95,95,100,101,106,108,108,108,108
5,Guanacaste,501,Liberia,0,1,1,1,1,1,1,1,1,1,1,1,1,1,1,1,1,1,1,1,1,1,1,1,1,1,1,1,1,1,1,1,1,1,1,1,1,1,1,1,1,1,1,1,1,1,1,1,1,1,1,1,1,1,1,1,2,2,2,2,2,11,11,14,14,14,14,14,17,17,18,18,18,18,18,18,18,18,21,22,22,22,33,33,33,37,37,37,37,37,45,45,45,45,45,45,46,52,52,56,56,56,56,56,72,72,73,73,74,74,75,77,77,78,78,78,79,80,80,80,82,82,82,82,82,82,82,83,83,96,97,97,97,97,97,97,97,97,97,97,97,97,97,97
5,Guanacaste,509,Nandayure,0,0,0,0,0,0,0,0,0,0,0,0,0,0,0,0,0,0,0,0,0,0,0,0,0,0,0,0,0,0,0,0,0,0,0,0,0,0,0,0,0,0,0,0,0,0,0,0,0,0,0,0,0,0,0,0,0,0,0,0,0,0,0,0,0,0,0,0,0,1,1,1,1,1,1,1,1,1,1,1,1,1,1,1,1,1,1,1,1,1,1,1,1,1,1,1,1,1,1,1,1,1,1,1,1,1,1,1,1,1,1,1,1,1,1,1,1,1,1,1,2,2,2,2,4,4,4,5,5,5,5,4,4,4,4,4,4,4,5,5,5,5,5,5
5,Guanacaste,502,Nicoya,0,3,3,3,3,3,3,4,4,4,4,4,4,4,4,4,4,4,4,4,4,4,4,4,4,4,4,4,4,4,4,4,4,4,4,4,4,4,4,4,4,4,4,4,4,4,4,4,4,4,4,4,4,4,4,4,4,4,4,4,6,4,4,4,4,4,4,4,4,4,4,4,4,4,4,4,4,31,38,38,38,38,40,46,50,58,58,58,58,58,59,61,66,66,66,66,66,67,68,68,68,68,68,68,83,83,83,83,83,90,90,90,90,91,91,91,91,91,91,91,92,92,92,92,92,95,98,102,102,102,105,106,107,107,110,110,110,110,110,117,117,118,118,118
5,Guanacaste,503,Santa Cruz,3,3,3,3,3,3,3,3,3,3,3,3,3,3,3,3,3,3,3,3,3,3,3,3,3,3,3,3,3,3,3,3,3,3,3,3,3,3,3,3,3,3,3,3,3,3,3,3,3,3,3,3,3,3,3,3,3,4,4,4,4,7,7,7,7,7,7,7,7,7,7,7,7,7,8,8,9,9,9,9,13,14,14,14,17,17,17,17,17,19,21,21,21,21,21,27,29,29,29,29,29,29,29,29,29,35,35,35,35,36,38,42,42,44,44,44,49,49,49,53,53,53,53,53,53,53,54,54,54,59,70,79,79,81,81,81,81,87,87,92,92,92,92,92
5,Guanacaste,508,Tilarán,1,2,2,2,2,2,2,2,2,2,2,2,2,2,2,2,2,2,2,2,2,2,2,2,2,2,2,2,2,2,2,2,2,2,2,2,2,2,2,2,2,2,2,2,2,2,2,2,2,2,2,2,2,2,2,2,2,2,2,2,6,5,5,6,6,6,6,6,6,6,6,6,6,6,6,6,6,6,6,6,6,6,6,6,6,6,6,6,6,6,6,6,6,6,6,6,6,6,7,7,7,7,7,9,9,9,9,9,9,9,9,9,9,9,9,9,10,10,10,10,10,10,10,10,10,11,12,13,13,14,14,14,16,16,16,16,16,16,23,25,25,27,27,27
6,Puntarenas,603,Buenos Aires,0,0,0,0,0,0,0,0,0,0,0,0,0,0,0,0,0,0,0,0,0,0,0,0,0,0,0,0,0,0,0,0,0,0,0,0,0,0,0,0,0,0,0,0,0,0,0,0,0,0,0,0,0,0,0,0,0,0,0,0,0,0,0,0,0,0,0,0,0,0,0,0,0,0,0,0,0,0,0,0,0,0,1,1,1,1,1,2,2,2,2,2,2,2,2,2,2,2,2,2,2,2,2,2,2,2,2,2,2,3,3,3,3,4,4,4,5,5,6,6,6,6,6,6,6,6,6,6,6,7,7,7,7,7,8,8,8,8,8,8,8,8,8,8
6,Puntarenas,610,Corredores,0,0,0,0,0,0,0,0,0,0,0,0,0,0,0,0,0,0,0,0,0,0,0,0,0,0,0,0,0,0,0,0,0,0,0,0,0,0,0,0,0,0,0,0,0,0,0,0,0,0,0,0,0,0,0,0,0,0,0,0,0,1,1,1,1,1,1,1,1,1,1,1,1,1,1,1,1,10,14,15,15,15,21,22,23,23,23,24,24,24,24,25,25,25,25,25,25,30,30,30,30,30,30,30,30,30,30,30,30,31,57,57,57,57,57,72,72,157,171,258,285,287,286,315,333,334,335,335,335,336,336,336,336,336,338,338,338,338,338,338,338,338,338,338
6,Puntarenas,608,Coto Brus,0,0,0,0,0,0,0,0,0,0,0,0,0,0,0,0,0,2,2,2,2,2,2,2,2,2,2,2,2,2,2,2,2,2,2,2,2,2,2,2,2,2,2,2,2,2,2,2,2,2,2,2,2,2,2,2,2,2,2,2,2,2,2,2,2,2,2,2,2,2,2,2,2,2,2,2,2,2,2,2,2,2,2,2,2,2,2,2,2,2,2,2,2,2,2,3,3,3,3,3,3,3,3,3,3,3,3,3,3,3,3,3,3,3,3,3,3,3,3,3,3,3,3,3,3,3,3,3,3,4,4,4,4,4,4,4,4,4,4,4,4,4,4,5
6,Puntarenas,602,Esparza,0,0,0,0,0,0,0,0,0,0,0,0,0,0,0,0,0,0,1,1,1,2,2,2,2,2,2,2,2,2,2,2,2,2,2,2,2,2,2,2,2,2,2,2,2,2,2,2,2,2,2,2,2,2,2,2,2,2,2,2,2,2,2,2,2,2,2,2,2,2,2,2,5,5,5,6,6,6,6,6,6,8,8,8,8,8,8,8,8,8,8,8,8,8,8,10,10,10,10,11,11,15,16,16,21,21,21,24,24,26,30,30,32,32,32,32,34,34,41,41,44,46,46,47,54,54,56,56,56,56,61,61,61,62,64,64,64,65,66,66,67,67,71,71
6,Puntarenas,611,Garabito,2,2,2,2,2,4,5,5,5,5,7,7,12,12,12,12,12,12,13,13,14,14,14,14,15,15,15,15,15,15,15,15,15,16,17,19,19,19,19,19,20,20,20,20,20,21,21,21,21,21,21,21,21,21,21,21,21,21,21,21,21,20,21,21,21,21,21,21,23,23,24,24,24,24,25,25,25,25,26,26,26,26,27,27,27,27,27,27,27,28,29,29,29,29,29,29,29,29,29,29,29,29,29,29,30,33,33,34,34,34,34,34,36,36,36,36,36,37,37,37,37,37,37,38,39,39,39,39,39,40,40,44,44,44,44,44,44,44,44,44,44,44,44,44
6,Puntarenas,607,Golfito,0,0,0,0,0,0,0,0,0,0,0,0,0,0,0,0,0,0,0,0,0,0,0,0,0,0,0,0,0,0,0,0,0,0,0,0,0,0,0,0,0,0,1,1,1,1,1,1,1,2,2,2,2,2,2,2,2,2,2,2,2,2,2,2,2,2,2,2,2,2,2,2,2,2,2,2,2,2,2,2,2,2,2,2,2,2,2,4,4,4,4,4,4,4,4,5,6,6,6,6,6,6,6,6,7,7,7,7,7,7,7,7,7,7,7,11,11,21,32,45,48,48,48,54,58,59,59,59,59,59,59,59,59,59,59,59,59,59,59,59,59,59,59,59
6,Puntarenas,604,Montes de Oro,2,2,2,2,2,2,2,2,2,2,2,2,2,2,2,2,2,2,2,2,2,2,2,2,2,2,2,2,2,2,2,2,2,2,2,2,2,2,2,2,2,2,2,2,2,2,2,2,2,2,2,2,2,2,2,2,2,2,2,2,2,2,2,2,2,2,2,2,2,2,2,2,2,2,2,2,2,2,2,2,2,2,2,2,2,2,2,2,2,2,2,2,2,2,2,2,2,2,2,2,2,2,2,2,3,3,3,3,3,3,3,3,3,6,6,9,9,9,10,10,10,10,10,17,18,18,21,21,21,22,22,22,22,22,22,22,26,26,26,27,27,27,27,27
6,Puntarenas,605,Osa,0,0,0,0,0,1,1,1,1,1,1,1,1,1,2,2,2,2,2,2,2,2,2,2,2,2,2,2,2,2,2,2,2,2,3,3,3,3,3,3,3,3,3,3,4,4,4,4,5,5,5,5,5,5,5,5,5,5,5,6,6,6,6,6,6,6,6,6,6,6,6,6,6,6,6,6,6,6,6,6,6,6,7,7,7,7,7,7,7,7,7,7,7,7,7,7,7,7,7,7,7,7,7,7,8,8,8,8,8,8,8,8,8,8,8,8,8,10,10,14,14,14,15,18,18,18,18,19,19,19,20,20,20,20,20,20,20,20,20,20,20,20,20,20
6,Puntarenas,609,Parrita,0,0,0,0,0,0,0,0,0,0,0,0,0,0,0,0,0,0,0,0,0,0,0,0,0,0,0,0,0,0,0,0,0,0,0,0,0,0,0,0,0,0,0,0,0,0,0,0,0,0,0,0,0,0,0,0,0,0,0,0,0,0,0,0,0,0,0,0,0,0,0,0,0,0,0,0,0,0,0,0,0,1,1,1,1,1,1,1,1,1,1,1,1,1,1,1,1,1,1,1,1,1,1,1,1,1,5,5,5,5,5,7,7,7,9,9,10,16,17,19,19,22,26,26,27,27,28,28,28,28,28,29,32,33,33,34,34,34,34,36,36,37,37,38
6,Puntarenas,601,Puntarenas,3,3,3,3,3,4,4,4,4,4,4,4,4,4,4,4,4,4,4,4,4,4,4,4,4,4,4,4,4,4,4,4,4,5,5,6,6,6,6,6,6,6,6,6,6,6,6,6,6,6,6,6,6,6,6,6,6,6,7,7,7,14,17,18,23,23,23,24,28,31,32,32,33,34,36,38,38,43,45,45,45,49,50,52,57,57,58,58,68,68,69,73,76,80,87,90,91,91,91,95,96,101,101,114,122,136,137,138,139,140,144,144,144,151,151,152,152,155,165,167,170,170,172,174,195,202,205,214,214,218,224,225,225,225,232,232,235,240,241,251,263,267,270,272
6,Puntarenas,606,Quepos,0,0,0,0,0,0,0,0,0,0,0,0,0,0,0,0,0,0,0,0,0,0,0,0,0,0,0,0,0,0,0,0,0,0,0,0,0,0,0,0,0,0,0,0,0,0,0,0,0,0,0,0,0,0,0,0,0,0,0,0,0,4,4,4,4,4,4,5,5,5,5,6,6,6,6,6,6,6,6,6,6,6,6,6,6,6,6,6,6,6,6,6,6,6,6,6,6,7,7,7,7,8,8,8,10,14,14,14,17,17,17,17,19,19,19,19,19,19,19,19,19,19,19,19,19,21,28,28,28,29,29,30,39,40,40,40,40,41,41,56,56,59,59,59
7,Limón,706,Guácimo,0,0,0,0,0,0,0,0,0,0,0,0,0,0,0,0,0,0,0,0,0,0,0,0,0,0,0,0,0,0,0,0,0,0,0,0,0,0,0,0,0,0,0,0,0,0,0,1,1,1,1,1,1,1,1,1,1,1,1,1,1,1,1,1,1,2,2,2,2,2,2,2,2,2,3,3,3,3,3,3,3,3,3,3,3,3,3,3,3,4,4,4,4,4,4,4,6,7,10,10,10,10,10,15,16,17,17,17,17,17,17,17,17,17,17,17,17,17,17,24,24,32,32,32,32,38,38,38,38,38,38,42,58,59,61,61,61,62,62,65,66,75,75,75
7,Limón,701,Limón,1,1,1,1,1,1,1,1,1,1,1,1,1,1,1,1,1,1,1,1,1,1,1,1,1,1,2,2,2,2,2,2,2,2,2,2,2,2,2,2,2,3,3,3,3,3,3,3,3,3,3,3,3,3,3,3,3,3,3,3,3,3,3,3,3,3,3,3,8,8,13,14,16,17,23,23,23,25,25,30,31,31,32,32,32,32,32,32,36,37,37,37,37,39,40,44,44,46,46,46,47,48,48,48,48,48,53,53,82,84,94,94,94,103,110,113,113,113,130,130,136,138,138,147,149,148,167,186,186,187,187,187,194,195,209,209,209,230,259,259,283,284,284,284
7,Limón,705,Matina,0,0,0,0,0,0,0,0,0,0,0,0,0,0,0,0,0,0,0,0,0,0,0,0,0,0,0,0,0,0,0,0,0,0,0,0,0,0,0,0,0,0,0,0,0,0,0,0,0,0,0,0,0,0,0,0,0,0,0,0,0,0,0,0,0,0,0,0,0,0,0,0,0,0,0,1,2,2,2,2,2,2,2,2,2,3,3,3,3,3,3,3,5,5,5,5,5,6,6,6,6,6,6,6,6,6,6,6,6,6,6,6,6,7,7,7,8,8,9,10,10,10,10,10,10,10,10,10,10,10,10,10,13,14,15,15,16,17,17,17,17,21,21,21
7,Limón,702,Pococí,0,0,0,0,0,0,0,0,0,0,0,0,3,3,3,3,3,3,3,3,3,4,4,4,4,4,4,4,4,4,4,5,6,6,6,6,6,6,6,6,6,6,6,6,6,7,7,7,7,7,7,7,7,7,9,9,9,9,9,9,9,9,9,23,31,37,37,38,38,38,38,38,38,46,48,48,48,48,48,48,48,48,48,48,48,48,48,60,60,61,62,62,62,70,70,71,71,72,72,72,72,72,87,87,87,87,87,89,90,91,91,91,91,92,120,133,152,152,152,152,152,152,152,193,193,194,198,198,198,199,199,221,225,237,240,240,240,243,243,251,263,263,264,264
7,Limón,703,Siquirres,0,0,0,0,0,0,0,0,0,0,0,0,0,0,0,0,1,1,1,1,1,1,1,1,1,1,1,1,1,1,1,1,1,1,1,1,1,1,1,1,1,1,1,1,1,1,1,1,1,1,1,1,1,1,1,1,1,1,1,1,1,2,2,2,2,2,2,2,2,2,2,2,2,2,2,2,2,3,3,3,3,3,5,5,5,5,6,7,7,7,7,7,7,7,7,7,7,10,10,10,10,11,11,11,12,12,14,14,14,15,19,25,28,28,28,28,28,28,29,33,34,34,34,34,38,38,38,42,42,42,46,46,49,52,59,59,66,67,71,71,80,80,85,85
7,Limón,704,Talamanca,0,0,0,0,0,0,0,0,0,0,0,0,0,0,0,0,0,0,0,0,0,0,0,0,0,0,0,0,0,0,0,0,0,0,0,0,0,0,0,0,0,0,0,0,0,0,0,0,0,0,0,0,0,0,0,0,0,0,0,0,0,0,1,1,1,1,1,1,1,1,1,1,1,1,1,1,1,1,1,1,1,1,1,1,1,1,1,1,1,1,1,1,1,1,1,3,3,3,14,14,14,14,14,17,17,17,17,17,18,19,19,19,19,19,20,20,20,20,21,21,21,21,21,21,27,27,30,30,30,30,30,32,32,32,32,32,32,34,34,38,45,46,47,47
9,Otros,999,Otros,0,0,0,0,0,0,0,0,0,0,0,0,0,0,0,0,0,0,0,0,0,0,0,0,0,0,0,0,0,0,0,0,0,0,0,0,0,0,0,0,0,0,0,0,0,0,0,0,0,0,1,1,1,1,1,1,1,1,1,1,1,9,9,9,9,9,9,9,9,9,0,9,9,9,9,9,9,9,9,9,10,10,10,11,13,16,16,16,20,19,19,20,20,20,20,22,18,19,20,23,23,23,24,29,31,12,13,10,10,21,17,18,21,25,25,18,20,16,18,23,17,17,17,17,18,16,18,18,14,13,27,20,21,23,15,16,15,18,18,18,15,16,19,22HTTP/1.1 400 Bad Request
Content-Length: 0
Connection: close
Server: Jetty(7.6.8.v20121106)

